Prince.png
size:2048,2048
filter:Linear,Linear
scale:0.5
1
bounds:89,3,71,23
offsets:0,0,73,24
10
bounds:52,2,35,24
offsets:0,1,38,26
11
bounds:829,26,321,261
rotate:90
12
bounds:1684,1346,119,184
rotate:90
13
bounds:1117,1526,56,67
rotate:90
14
bounds:1874,888,60,75
144
bounds:829,10,66,14
offsets:0,0,67,14
146
bounds:1116,729,36,20
rotate:90
147
bounds:1815,885,47,46
offsets:0,2,47,48
148
bounds:1117,918,94,42
rotate:90
15
bounds:1363,949,56,67
151
bounds:1937,1001,87,61
152
bounds:1937,1212,109,106
offsets:0,0,110,106
153
bounds:1937,1104,109,106
offsets:1,0,110,106
154
bounds:2,28,456,272
155
bounds:460,7,340,367
offsets:62,1,404,412
rotate:90
156
bounds:2,302,448,482
offsets:1,1,451,483
157
bounds:2,1400,593,646
offsets:0,1,595,647
158
bounds:2,786,612,582
offsets:0,0,613,582
rotate:90
159
bounds:1493,1657,389,481
offsets:5,0,394,481
rotate:90
16
bounds:1301,940,60,75
160
bounds:1407,878,51,49
161
bounds:1887,1041,44,48
rotate:90
162
bounds:1337,1018,85,81
offsets:1,0,86,82
163
bounds:1249,1017,86,82
offsets:0,0,86,83
164
bounds:1161,878,55,77
offsets:0,1,55,78
rotate:90
165
bounds:1161,840,36,81
offsets:1,0,37,82
rotate:90
166
bounds:947,1216,308,250
rotate:90
167
bounds:1558,929,71,45
offsets:3,2,77,47
168
bounds:1244,822,69,54
offsets:2,2,73,56
169
bounds:1117,836,42,12
17
bounds:1976,1879,53,167
170
bounds:761,349,265,166
offsets:0,0,265,167
171
bounds:1937,960,85,39
172
bounds:1559,976,85,38
175
bounds:1315,820,58,56
176
bounds:1870,1342,72,123
177
bounds:1947,1544,99,111
178
bounds:1944,1320,102,117
179
bounds:1778,1063,107,122
offsets:129,37,236,159
18
bounds:1976,1709,52,168
180
bounds:1651,1057,102,125
offsets:0,59,217,184
rotate:90
181
bounds:1743,1467,202,188
182
bounds:1459,1497,31,40
184
bounds:1490,1106,84,225
185
bounds:1116,803,37,31
186
bounds:1002,790,63,58
rotate:90
187
bounds:1027,1526,56,88
rotate:90
188
bounds:1002,660,67,56
189
bounds:1778,1007,54,94
rotate:90
19
bounds:1711,889,47,50
rotate:90
190
bounds:1859,1196,76,49
191
bounds:1002,538,58,58
192
bounds:1815,933,72,57
rotate:90
193
bounds:1116,767,33,34
194
bounds:1810,847,34,36
195
bounds:1776,1187,157,81
rotate:90
196
bounds:1028,350,42,33
rotate:90
197
bounds:1612,876,51,44
offsets:1,1,52,45
rotate:90
198
bounds:1493,1478,177,248
rotate:90
2
bounds:162,5,73,21
offsets:0,0,73,22
20
bounds:1763,888,48,50
rotate:90
200
bounds:1947,1439,103,99
offsets:0,0,103,100
rotate:90
201
bounds:586,850,347,342
202
bounds:1936,901,83,57
offsets:1,1,86,59
203
bounds:1936,840,81,59
offsets:3,1,86,60
204
bounds:1576,1084,247,73
rotate:90
205
bounds:586,786,166,62
209
bounds:1033,1002,66,102
offsets:0,0,66,103
21
bounds:597,1526,428,520
210
bounds:452,349,435,307
rotate:90
211
bounds:1651,1161,123,170
212
bounds:1658,848,39,51
offsets:0,0,40,51
rotate:90
213
bounds:1757,847,39,51
offsets:1,0,40,51
rotate:90
214
bounds:1067,1115,99,99
215
bounds:1067,1115,99,99
216
bounds:1492,935,64,41
offsets:0,2,64,43
217
bounds:1199,1323,258,259
22
bounds:1459,1333,143,223
rotate:90
23
bounds:1424,1014,66,85
24
bounds:1559,1016,66,85
rotate:90
243
bounds:1002,598,58,60
244
bounds:1375,820,56,54
rotate:90
245
bounds:1027,1584,464,462
246
bounds:935,1007,96,97
247
bounds:1240,878,56,55
248
bounds:935,905,100,89
rotate:90
249
bounds:1026,900,100,89
rotate:90
25
bounds:994,855,43,66
offsets:0,0,45,66
rotate:90
26
bounds:1117,850,42,66
offsets:2,0,45,66
27
bounds:1492,978,65,35
28
bounds:1062,842,56,53
offsets:0,0,57,53
rotate:90
29
bounds:1431,820,56,53
offsets:1,0,58,53
rotate:90
3
bounds:1460,882,51,57
offsets:1,2,52,60
rotate:90
30
bounds:1887,1087,51,48
rotate:90
31
bounds:1658,889,51,48
32
bounds:1028,466,70,30
offsets:0,0,71,30
rotate:90
33
bounds:1028,394,70,30
offsets:1,0,71,30
rotate:90
34
bounds:1062,790,50,52
offsets:0,1,51,56
rotate:90
35
bounds:1558,876,51,52
offsets:0,1,51,56
rotate:90
36
bounds:1519,894,39,37
rotate:90
37
bounds:1421,950,69,62
38
bounds:1199,1101,289,220
4
bounds:1887,1140,48,54
offsets:1,1,49,55
41
bounds:597,1194,348,330
42
bounds:2,2,48,24
offsets:0,1,48,26
43
bounds:2026,990,72,20
offsets:1,0,74,20
rotate:90
44
bounds:311,5,71,21
offsets:1,0,73,22
45
bounds:1239,935,76,60
rotate:90
46
bounds:1874,965,74,61
offsets:1,0,76,61
rotate:90
47
bounds:947,1106,108,118
offsets:1,0,109,119
rotate:90
48
bounds:1492,1015,65,89
offsets:1,0,66,89
49
bounds:1101,1014,99,58
offsets:1,1,101,59
rotate:90
5
bounds:761,517,331,239
rotate:90
50
bounds:1161,1013,86,86
51
bounds:1161,935,76,76
52
bounds:1002,718,70,70
53
bounds:1711,843,44,44
54
bounds:1459,1539,32,43
offsets:0,0,33,43
55
bounds:1459,1478,20,17
56
bounds:1074,725,63,40
rotate:90
57
bounds:1976,1657,50,59
offsets:1,0,52,59
rotate:90
58
bounds:1353,878,52,60
6
bounds:935,850,57,53
offsets:1,0,58,53
7
bounds:1298,878,55,53
offsets:0,0,56,53
rotate:90
8
bounds:1732,938,81,67
89
bounds:1744,1011,44,26
rotate:90
9
bounds:1646,939,84,67
L
bounds:237,5,72,21
offsets:1,0,73,22
R
bounds:1168,1142,72,23
offsets:0,0,73,24
rotate:90
f34
bounds:1646,1008,47,96
rotate:90
f35
bounds:1937,1064,38,96
rotate:90
f36
bounds:384,7,60,19
hon ma
bounds:1859,1247,76,93
lip
bounds:1486,818,62,33
offsets:1,1,65,35
rotate:90
